100
23495
24829
12427
31944
14695
3424
341
497
9749
18433
14662
25422
16164
20774
31486
7764
24022
19804
30410
23440
3047
5488
8947
6341
24296
23460
5476
4566
4938
29452
14568
22804
24543
11490
20467
14419
12924
9463
14526
12754
8974
6849
14284
9407
30554
29412
28400
24096
746
6674
11643
12422
17482
24502
19534
22864
16134
27564
32746
21234
9455
1743
3342
31264
15244
18042
26354
20914
26574
24240
11364
10041
24967
5459
14116
31624
25749
4326
9546
2345
23024
6742
17446
2144
18545
14056
4624
7304
16482
23401
2435
24273
24490
6174
6643
14292
15964
11824
20514
23534
